59
13 11
16 7
20 41
15 41
5 7
15 14
6 42
13 53
21 15
15 37
11 33
23 16
16 46
11 22
17 41
11 15
19 27
19 11
5 29
7 13
7 26
5 12
15 29
10 28
20 39
23 10
14 51
21 14
9 25
15 14
22 8
11 50
22 11
11 32
20 43
9 34
5 44
17 38
13 25
6 10
17 51
12 33
11 21
17 36
22 44
17 16
19 37
10 5
11 28
23 14
22 24
24 39
7 47
7 7
8 52
10 33
13 48
17 20
8 8
431

59
431
11 7 41 41 7 14 42 53 15 37 33 16 46 22 41 15 27 11 29 13 26 12 29 28 39 10 51 14 25 14 8 50 11 32 43 34 44 38 25 10 51 33 21 36 44 16 37 5 28 14 24 39 47 7 52 33 48 20 8 
13 16 20 15 5 15 6 13 21 15 11 23 16 11 17 11 19 19 5 7 7 5 15 10 20 23 14 21 9 15 22 11 22 11 20 9 5 17 13 6 17 12 11 17 22 17 19 10 11 23 22 24 7 7 8 10 13 17 8 
